%YAML:1.0
---
calibration_time: "Пт 15 фев 2019 23:44:50"
nframes: 23
image_width: 4032
image_height: 3024
board_width: 9
board_height: 6
square_size: 2.5000000372529030e-02
flags: 0
camera_matrix: !!opencv-matrix
   rows: 3
   cols: 3
   dt: d
   data: [ 3.4155183648897205e+03, 0., 2.0597301615932383e+03, 0.,
       3.4562114997207996e+03, 1.4044430041727812e+03, 0., 0., 1. ]
distortion_coefficients: !!opencv-matrix
   rows: 5
   cols: 1
   dt: d
   data: [ 3.0911242989156040e-02, -1.8600777456291476e-01,
       -2.7991166803419565e-02, 1.4181415294744308e-02, 0. ]
avg_reprojection_error: 8.7684069423697206e+00
per_view_reprojection_errors: !!opencv-matrix
   rows: 23
   cols: 1
   dt: f
   data: [ 7.58135271e+00, 8.85245323e+00, 9.46082020e+00,
       5.93488407e+00, 6.95561695e+00, 5.58074284e+00, 1.45312262e+01,
       1.28793268e+01, 1.14933729e+01, 9.43084621e+00, 1.16015234e+01,
       1.23090715e+01, 9.46531963e+00, 3.56189513e+00, 2.92877364e+00,
       3.11225247e+00, 4.93751669e+00, 8.19655037e+00, 6.14461374e+00,
       1.30933151e+01, 3.34725428e+00, 7.85345268e+00, 7.06382370e+00 ]
extrinsic_parameters: !!opencv-matrix
   rows: 23
   cols: 6
   dt: d
   data: [ -3.4286013431725781e-01, 1.3191653937671881e+00,
       2.5022050468542845e+00, 1.2514076930589130e-01,
       6.2648451379879802e-02, 3.7861654900033603e-01,
       -1.2011238571469400e-01, 1.4578615182723789e+00,
       2.6851603965296995e+00, 1.0159107242320171e-01,
       7.1064756664262499e-02, 3.4220864604912993e-01,
       -7.6688819067852868e-02, -1.2948547215147672e+00,
       -2.4811786684428796e+00, 4.1093070677525774e-02,
       5.2312489723782919e-02, 2.8052600054611104e-01,
       -2.7808210146715201e-01, -9.3949976880816499e-01,
       -1.9950752166309920e+00, -1.5885762856695147e-02,
       4.9080346036591144e-02, 2.4361748272423617e-01,
       -3.2661187611276440e-02, -7.7797536789400612e-01,
       -2.0298885562919646e+00, -4.5025264989892615e-02,
       6.0189321082438053e-02, 3.2857012118900647e-01,
       5.2776938911834249e-02, -9.3654481042009297e-01,
       -2.9509529484066324e+00, 7.8216341176122417e-02,
       8.8937362249701585e-02, 4.0964428146072318e-01,
       -4.8222899187009433e-01, 8.8358791677982640e-01,
       1.5543346234120565e+00, 5.4964813490005170e-02,
       -1.3465057856798798e-02, 4.3091663370145228e-01,
       -5.0386581725568869e-01, 9.7169249403640812e-01,
       1.5724055605262950e+00, 7.5298535203899189e-02,
       1.7263691883588150e-04, 4.9289492990599904e-01,
       -3.9515886192904526e-01, -2.0109432430025873e-01,
       1.6019762778996682e+00, 4.9118101312871150e-02,
       -6.0034415687136251e-02, 3.2871389540411683e-01,
       -3.5351965795098389e-01, -1.8821800881016518e-01,
       1.6163127197152825e+00, 3.5220660306075784e-02,
       -5.0898048908872076e-02, 3.9780861083846569e-01,
       -4.9627906732010668e-01, -8.9982384579351793e-01,
       -1.4729532509442229e+00, -9.3109033378843409e-02,
       1.1117765729015346e-01, 2.0705991867278559e-01,
       -2.7165559654910038e-01, -5.9566749157252075e-01,
       -1.5133892029641454e+00, -9.5853287875616547e-02,
       1.0037480486575978e-01, 2.1186658899119820e-01,
       1.6427116493400148e-01, -9.0890272900435165e-01,
       -8.9045720694287278e-01, -6.6354870961405021e-02,
       7.7139835692986936e-02, 2.6713262228904960e-01,
       -1.6492545618015386e-01, -9.7950063347826144e-01,
       -2.5380796488903892e+00, 3.1880748018370000e-02,
       4.0138487342740663e-02, 3.4120792018236823e-01,
       -4.4030813760130388e-01, 7.6082612294597307e-01,
       2.2050049082346521e+00, 1.4345564600339392e-01,
       -6.7793644164507269e-02, 3.7424565091812140e-01,
       -3.6681021758685695e-01, 6.2019296662852241e-01,
       1.5832829792289844e+00, 5.8456837031630411e-02,
       -1.2317739229037103e-01, 4.0561514960923728e-01,
       -5.2528857732399581e-01, 6.2064357591531494e-01,
       1.1592987345834664e+00, 4.6221434905406221e-02,
       -9.2320768487533525e-02, 4.2908859038635977e-01,
       -6.1800585931087704e-01, 8.6942323471116112e-01,
       1.5010748377566883e+00, 8.8756574841384314e-02,
       -7.1799117187029415e-02, 3.5896316012034990e-01,
       -5.6433098660776559e-01, -7.5646175535679394e-01,
       -1.4511626250063694e+00, -6.4264771836147885e-02,
       3.0620076357308769e-02, 2.1085982219500088e-01,
       2.4082755089227127e-02, -5.5981100861135680e-01,
       -6.5572242300680472e-01, -1.0304499911174307e-01,
       -9.9377800527964463e-03, 2.8583370124251123e-01,
       1.3996696737939801e-01, -4.9600090838728211e-02,
       -1.4654297375965160e-02, -1.1256094310821339e-01,
       -5.5326652913940198e-02, 4.7023056905630062e-01,
       1.0589213051231602e-01, -6.3579281921081976e-02,
       2.8978355117910456e-02, -1.2328012551769499e-01,
       -4.2884498538248127e-02, 2.8352538176063002e-01,
       4.8831254380519173e-01, -5.2620403529715740e-02,
       9.1069517309870979e-02, -1.1413120800194217e-01,
       -5.2655511102850550e-02, 2.7762417004593581e-01 ]
