%YAML:1.0
---
calibration_time: "Вс 17 фев 2019 22:03:13"
nframes: 29
image_width: 960
image_height: 720
board_width: 9
board_height: 6
square_size: 2.5000000372529030e-02
flags: 0
camera_matrix: !!opencv-matrix
   rows: 3
   cols: 3
   dt: d
   data: [ 9.6869832854506433e+02, 0., 4.6575917653124992e+02, 0.,
       9.6685259231391115e+02, 3.6627015571469906e+02, 0., 0., 1. ]
distortion_coefficients: !!opencv-matrix
   rows: 5
   cols: 1
   dt: d
   data: [ 9.0644971589927417e-02, -3.6900122050806744e-01,
       -1.1056856222475320e-02, 1.6795600133516495e-04, 0. ]
avg_reprojection_error: 7.3566002823198962e-01
per_view_reprojection_errors: !!opencv-matrix
   rows: 29
   cols: 1
   dt: f
   data: [ 6.71886384e-01, 7.94986904e-01, 8.08279634e-01,
       9.05190408e-01, 9.39751804e-01, 6.32990897e-01, 4.71417665e-01,
       5.66264153e-01, 4.61686254e-01, 5.21305859e-01, 8.85575712e-01,
       8.87247205e-01, 8.44503641e-01, 8.27448487e-01, 9.23110485e-01,
       7.90960431e-01, 8.39525044e-01, 8.57539356e-01, 4.20194000e-01,
       8.20615649e-01, 5.69748819e-01, 4.93310422e-01, 6.81282103e-01,
       7.08680332e-01, 6.85991466e-01, 1.03538382e+00, 2.66247511e-01,
       2.83465266e-01, 9.28193331e-01 ]
extrinsic_parameters: !!opencv-matrix
   rows: 29
   cols: 6
   dt: d
   data: [ -7.2377155834990736e-01, -8.0167476172186847e-01,
       -1.5617643452170507e+00, -7.8238938281687584e-02,
       3.6144727670573099e-02, 3.8922880212778949e-01,
       -6.8579861625610905e-01, -9.4147112270083544e-01,
       -1.8091542479791396e+00, -7.0241789304425054e-02,
       4.6066486732116448e-02, 3.3353275181234993e-01,
       -6.6456516026942325e-01, -1.0012945140530023e+00,
       -2.0177192474423187e+00, -4.0446414838000537e-02,
       4.2356556163823299e-02, 3.3108971504765661e-01,
       -9.3665032566238804e-01, -2.1915952716894668e-01,
       -3.9206117362435883e-01, -1.3609703085764535e-01,
       -1.6439140011602783e-02, 4.0617367558292683e-01,
       -8.5866774097783416e-01, 2.1229353496652126e-01,
       -2.9692447519442475e-02, -1.2259204685335566e-01,
       -5.2977390556974251e-02, 4.2376218262157989e-01,
       -6.4693775537163001e-01, 3.8156184005649701e-01,
       7.6639611671554209e-01, 2.2390513446501146e-03,
       -8.0518888442345352e-02, 5.3482620938786085e-01,
       -1.8514315588124519e-01, 6.3816927042447485e-02,
       -1.1353240478326260e-01, -1.1377127746564562e-01,
       -7.3910571394906588e-02, 4.1347816189590941e-01,
       -5.5501121050904163e-02, 5.1270081453227057e-01,
       1.2803689313236621e-01, -1.2673168367614240e-01,
       -1.1266691445679949e-01, 5.2609718197517885e-01,
       2.1088793887966309e-01, 2.0915980111072882e-01,
       2.7690737709860689e+00, 7.1602710878890627e-02,
       2.7776373213334028e-02, 3.3840435818567594e-01,
       -3.2598599291660613e-01, 1.6731427849109964e-01,
       1.1988484326323101e+00, -3.6951810718779572e-02,
       -1.1627064656506797e-01, 4.5795685790187185e-01,
       -7.9637655042702415e-01, -5.4802397908212619e-01,
       -9.1661526090913048e-01, -8.7683498699597559e-02,
       -5.9230190962475185e-03, 3.2572913647279894e-01,
       -8.6479777997273799e-01, -3.0954738077244776e-01,
       -4.6984689864782797e-01, -9.4199007722629444e-02,
       -2.1039433861912725e-02, 3.4574892041793065e-01,
       -7.7412533515626691e-01, -9.1899287973661606e-02,
       -2.8591041796716388e-01, -1.0422438952273640e-01,
       -4.0965592965085625e-02, 3.9049442897125797e-01,
       -7.4604598324721272e-01, 7.4415903272971484e-02,
       2.7836127072704420e-01, -7.3820003498916736e-02,
       -7.3281985129222071e-02, 4.2157555733834351e-01,
       -7.3673423470511135e-01, 1.7842132224840049e-01,
       4.6124127197467868e-01, -4.6446665889911601e-02,
       -8.2403890999781071e-02, 4.2199210915012592e-01,
       -5.9887590880446240e-01, 3.2149104031509312e-01,
       5.7591532908653587e-01, -6.4272151531225313e-02,
       -1.2556298506411856e-01, 4.7923193331446939e-01,
       -5.8257311747647644e-01, 4.2210812636492639e-01,
       9.6693954047789576e-01, 5.1374366317016194e-03,
       -1.0085228883266138e-01, 4.3377131752238962e-01,
       -7.3185443351638890e-01, -8.2204233923009806e-01,
       -1.8170716144464174e+00, -2.6520979561714963e-02,
       4.9025873714376410e-02, 2.7413702671184181e-01,
       -2.5855674564176606e-01, -4.0935837440046052e-01,
       -1.7108552335178850e+00, -8.5236805038513969e-02,
       8.8018881399370988e-02, 3.4905202320825141e-01,
       -4.5637421426400487e-01, -3.1846743885389889e-01,
       -1.1192597192302969e+00, -6.8076961147654547e-02,
       2.7487338664324071e-02, 3.7390963343625522e-01,
       -5.2635443541876592e-01, -1.7436020142056971e-01,
       -7.9515487454090883e-01, -1.1872483463618877e-01,
       -4.0217207429609006e-03, 3.5379213712853025e-01,
       -5.4147115111030120e-01, -2.3378612430569573e-01,
       -8.0837645025397453e-01, -9.2435170711226256e-02,
       -9.9308669947184673e-03, 4.0575078040902279e-01,
       -6.5153551929895004e-01, -3.5340308882962718e-02,
       -5.5858698036057841e-01, -1.2307796632688767e-01,
       -2.7844852603443208e-02, 3.7010585258091871e-01,
       -4.0224299602628305e-01, -9.2047787800179004e-01,
       -1.5528739626620263e+00, -2.0252086145501134e-02,
       5.3883360371500273e-02, 3.4259912097619993e-01,
       -6.3094596828431460e-01, -6.1022969428201335e-01,
       -1.0059645954631038e+00, -4.1048166519962036e-02,
       3.7756291728165948e-03, 3.4851245204365527e-01,
       -7.2440691894222098e-01, -4.1844662343056693e-01,
       -6.8786566113841807e-01, -8.4130524069818302e-02,
       -1.2126032451881803e-02, 3.1096192850653376e-01,
       -1.3995497454112657e-01, -1.8688756533912626e-01,
       -1.5440645064399927e+00, -6.5507857095017719e-02,
       8.1652004112808083e-02, 4.4902070393862270e-01,
       -9.4176909163771402e-02, -1.9349846955035427e-01,
       -9.5300787134174003e-01, -8.4862711030466526e-02,
       3.9435531779449549e-02, 4.1917488036216283e-01,
       -1.0585063232992011e+00, -2.1392237955555229e-01,
       6.3982505843823728e-02, -8.7511158309022938e-02,
       -3.1849389894874201e-02, 3.8678591888028513e-01 ]
